 ,0,1,2
0,1,0,0
1,0,1,0
2,0,0,1
3,1,0,1
4,0,1,1
5,1,1,0
6,1,0,1
7,1,1,0
8,0,1,1
9,1,1,1
x = tensor([0., 1., 1., 0., 1., 0., 0., 0., 1., 0.], device='cuda:0')

mc.weight.T
tensor([[ 0.1867,  0.0000, -0.0000],
        [ 0.0000,  7.9157,  0.0000],
        [-0.0000, -0.0000, -0.0491],
        [-0.0701,  0.0000, -0.2857],
        [-0.0000,  1.5216, -0.1323],
        [ 0.0357,  4.0744,  0.0000],
        [-0.1844,  0.0000, -0.1989],
        [-0.2283, -0.3490, -0.0000],
        [-0.0000, -2.5140, -0.0463],
        [-0.3059, -2.7070,  0.0433]], device='cuda:0', grad_fn=<PermuteBackward>)
lc1.weight.T
tensor([[ 6.6068, -0.0000, -0.0000,  0.0000, -0.0000,  0.0000,  0.0000],
        [ 0.0000,  8.9372, -0.0000, -0.0000,  0.0000,  0.0000,  0.0000],
        [-0.0000, -0.0000, -7.2732,  0.0000, -0.0000,  0.0000,  0.0000],
        [ 4.4586, -0.0000,  2.8086,  0.0000,  4.0790,  0.0000,  0.0000],
        [ 0.0000,  1.6504,  4.9731, -0.0000,  0.0000, -0.2935,  0.0000],
        [-2.1118,  1.6314,  0.0000,  4.0252, -0.0000, -0.0000, -0.0000],
        [ 2.3904,  0.0000,  4.2757, -0.0000,  1.5595,  0.0000,  0.0000],
        [-0.1431,  1.8969,  0.0000,  2.1125, -0.0000,  0.0000, -0.0000],
        [ 0.0000,  0.8282,  4.6026, -0.0000, -0.0000, -3.3349, -0.0000],
        [-1.2913,  2.8818,  3.1678,  2.1374, -0.4922, -2.2774,  0.5057]], device='cuda:0', grad_fn=<PermuteBackward>)
lc2.weight.T
tensor([[-3.8926, -3.9311, -4.2983],
        [-3.6188,  7.6552, -5.1899],
        [-3.7228,  1.4603, -8.1619],
        [-3.0634,  2.9855,  0.6238],
        [-4.6546, -1.8645, -0.0721],
        [-4.4523, -3.3764,  2.2939],
        [-4.5956, -1.9685,  1.3266]], device='cuda:0', grad_fn=<PermuteBackward>)
net.lc1.weight.T @ net.lc2.weight.T
tensor([[-25.7173, -25.9721, -28.3979],
        [-32.3419,  68.4159, -46.3828],
        [ 27.0767, -10.6213,  59.3638],
        [-46.7971, -21.0311, -42.3818],
        [-23.1792,  20.8873, -49.8286],
        [-10.0142,  32.8074,   3.1214],
        [-32.4812,  -6.0608, -45.2849],
        [-12.7786,  21.3902,  -7.9114],
        [ -5.2837,  24.3216, -49.5146],
        [-13.6368,  45.7563, -38.4460]], device='cuda:0', grad_fn=<MmBackward>)

sc1.weight.T
tensor([[ 0.0000,  0.0000, -0.0000,  0.0000],
        [ 0.0000, -0.0000, -0.0000, -0.0000],
        [ 0.0000,  0.0000, -0.0000,  0.0000],
        [ 0.0000,  1.3361, -0.0000,  0.0000],
        [ 0.0000,  0.0000, -5.3468,  0.0000],
        [ 1.6709,  0.0000, -0.0000,  0.0000],
        [-0.0000,  1.6513, -0.0000,  0.0000],
        [ 1.6910,  0.0000,  0.0000,  0.0000],
        [ 0.0000,  0.0000, -4.4477,  0.0000],
        [-0.4010,  0.4686, -1.7238,  1.4767]], device='cuda:0', grad_fn=<PermuteBackward>)
sc2.weight.T
tensor([[ 4.1838,  2.7893, -2.2469],
        [ 3.8271,  1.0940,  4.4895],
        [ 1.5417, -2.2357, -4.4056],
        [ 1.5518, -0.9181,  1.4776]], device='cuda:0', grad_fn=<PermuteBackward>)

net.sc1.weight.T @ net.sc2.weight.T
tensor([[ 0.0000,  0.0000,  0.0000],
        [ 0.0000,  0.0000,  0.0000],
        [ 0.0000,  0.0000,  0.0000],
        [ 5.1132,  1.4616,  5.9982],
        [-8.2431, 11.9540, 23.5560],
        [ 6.9907,  4.6607, -3.7543],
        [ 6.3195,  1.8064,  7.4133],
        [ 7.0748,  4.7167, -3.7995],
        [-6.8570,  9.9438, 19.5950],
        [-0.2504,  1.8924, 12.7814]], device='cuda:0', grad_fn=<MmBackward>)
