../data/ex/compare4som-qnn/sim\SD1H\1000
['SD1H1000_5', 0.898, 0.74, 0.839, 0.647, 0.887, 0.714, 0.876, 0.685, 0.817, 0.551]
['SD1H1000_4', 0.898, 0.74, 0.839, 0.647, 0.897, 0.732, 0.866, 0.641, 0.811, 0.539]
['SD1H1000_3', 0.898, 0.74, 0.839, 0.647, 0.86, 0.636, 0.869, 0.65, 0.856, 0.639]
['SD1H1000_2', 0.898, 0.74, 0.839, 0.647, 0.887, 0.715, 0.879, 0.686, 0.817, 0.55]
['SD1H1000_1', 0.898, 0.74, 0.839, 0.647, 0.888, 0.706, 0.869, 0.651, 0.735, 0.394]
../data/ex/compare4som-qnn/sim\SD1H\300
['SD1H300_5', 0.809, 0.57, 0.816, 0.6, 0.859, 0.623, 0.882, 0.687, 0.831, 0.577]
['SD1H300_4', 0.809, 0.57, 0.816, 0.6, 0.86, 0.633, 0.886, 0.697, 0.797, 0.493]
['SD1H300_3', 0.809, 0.57, 0.816, 0.6, 0.853, 0.613, 0.897, 0.73, 0.793, 0.49]
['SD1H300_2', 0.809, 0.57, 0.816, 0.6, 0.849, 0.603, 0.892, 0.703, 0.792, 0.49]
['SD1H300_1', 0.809, 0.57, 0.816, 0.6, 0.86, 0.63, 0.864, 0.643, 0.788, 0.487]
../data/ex/compare4som-qnn/sim\SD1H\50
['SD1H50_5', 0.52, 0.06, 0.833, 0.62, 0.833, 0.62, 0.86, 0.66, 0.787, 0.48]
['SD1H50_4', 0.52, 0.06, 0.833, 0.62, 0.833, 0.62, 0.893, 0.76, 0.793, 0.48]
['SD1H50_3', 0.52, 0.06, 0.833, 0.62, 0.853, 0.66, 0.907, 0.74, 0.793, 0.48]
['SD1H50_2', 0.52, 0.06, 0.833, 0.62, 0.853, 0.66, 0.913, 0.78, 0.753, 0.44]
['SD1H50_1', 0.52, 0.06, 0.833, 0.62, 0.833, 0.62, 0.907, 0.8, 0.773, 0.46]
../data/ex/compare4som-qnn/sim\SD1L\1000
['SD1L1000_5', 0.955, 0.885, 0.935, 0.861, 0.953, 0.868, 0.939, 0.83, 0.849, 0.614]
['SD1L1000_4', 0.955, 0.885, 0.935, 0.861, 0.938, 0.832, 0.956, 0.88, 0.902, 0.745]
['SD1L1000_3', 0.955, 0.885, 0.935, 0.861, 0.959, 0.887, 0.936, 0.827, 0.901, 0.741]
['SD1L1000_2', 0.955, 0.885, 0.935, 0.861, 0.933, 0.837, 0.957, 0.881, 0.913, 0.764]
['SD1L1000_1', 0.955, 0.885, 0.935, 0.861, 0.955, 0.875, 0.951, 0.867, 0.904, 0.743]
../data/ex/compare4som-qnn/sim\SD1L\300
['SD1L300_5', 0.922, 0.82, 0.929, 0.847, 0.949, 0.86, 0.967, 0.91, 0.888, 0.73]
['SD1L300_4', 0.922, 0.82, 0.929, 0.847, 0.953, 0.867, 0.964, 0.9, 0.908, 0.75]
['SD1L300_3', 0.922, 0.82, 0.929, 0.847, 0.953, 0.867, 0.968, 0.91, 0.907, 0.753]
['SD1L300_2', 0.922, 0.82, 0.929, 0.847, 0.957, 0.88, 0.946, 0.847, 0.9, 0.747]
['SD1L300_1', 0.922, 0.82, 0.929, 0.847, 0.926, 0.83, 0.969, 0.913, 0.844, 0.617]
../data/ex/compare4som-qnn/sim\SD1L\50
['SD1L50_5', 0.94, 0.84, 0.967, 0.92, 0.887, 0.72, 0.973, 0.92, 0.947, 0.84]
['SD1L50_4', 0.94, 0.84, 0.967, 0.92, 0.9, 0.74, 0.947, 0.86, 0.847, 0.6]
['SD1L50_3', 0.94, 0.84, 0.967, 0.92, 0.907, 0.76, 0.98, 0.94, 0.953, 0.86]
['SD1L50_2', 0.94, 0.84, 0.967, 0.92, 0.933, 0.82, 0.973, 0.92, 0.953, 0.86]
['SD1L50_1', 0.94, 0.84, 0.967, 0.92, 0.947, 0.84, 0.973, 0.92, 0.947, 0.84]
../data/ex/compare4som-qnn/sim\SD2H\1000
['SD2H1000_5', 0.935, 0.82, 0.913, 0.779, 0.925, 0.793, 0.89, 0.691, 0.901, 0.736]
['SD2H1000_4', 0.935, 0.82, 0.913, 0.779, 0.892, 0.697, 0.936, 0.821, 0.9, 0.734]
['SD2H1000_3', 0.935, 0.82, 0.913, 0.779, 0.893, 0.698, 0.874, 0.67, 0.901, 0.733]
['SD2H1000_2', 0.935, 0.82, 0.913, 0.779, 0.928, 0.803, 0.939, 0.828, 0.9, 0.732]
['SD2H1000_1', 0.935, 0.82, 0.913, 0.779, 0.889, 0.69, 0.891, 0.693, 0.9, 0.731]
../data/ex/compare4som-qnn/sim\SD2H\300
['SD2H300_5', 0.9, 0.74, 0.909, 0.763, 0.898, 0.71, 0.897, 0.703, 0.9, 0.733]
['SD2H300_4', 0.9, 0.74, 0.909, 0.763, 0.914, 0.763, 0.953, 0.863, 0.919, 0.777]
['SD2H300_3', 0.9, 0.74, 0.909, 0.763, 0.901, 0.717, 0.89, 0.7, 0.903, 0.743]
['SD2H300_2', 0.9, 0.74, 0.909, 0.763, 0.939, 0.827, 0.896, 0.693, 0.913, 0.77]
['SD2H300_1', 0.9, 0.74, 0.909, 0.763, 0.882, 0.697, 0.946, 0.84, 0.914, 0.767]
../data/ex/compare4som-qnn/sim\SD2H\50
['SD2H50_5', 0.887, 0.72, 0.913, 0.8, 0.927, 0.8, 0.98, 0.94, 0.86, 0.68]
['SD2H50_4', 0.887, 0.72, 0.913, 0.8, 0.9, 0.74, 0.973, 0.92, 0.867, 0.66]
['SD2H50_3', 0.887, 0.72, 0.913, 0.8, 0.907, 0.74, 0.98, 0.94, 0.873, 0.68]
['SD2H50_2', 0.887, 0.72, 0.913, 0.8, 0.927, 0.82, 0.967, 0.9, 0.853, 0.66]
['SD2H50_1', 0.887, 0.72, 0.913, 0.8, 0.833, 0.6, 0.973, 0.92, 0.793, 0.48]
../data/ex/compare4som-qnn/sim\SD2L\1000
['SD2L1000_5', 0.995, 0.986, 0.993, 0.98, 0.944, 0.836, 0.982, 0.947, 0.992, 0.976]
['SD2L1000_4', 0.995, 0.986, 0.993, 0.98, 0.986, 0.962, 0.993, 0.982, 0.992, 0.977]
['SD2L1000_3', 0.995, 0.986, 0.993, 0.98, 0.993, 0.981, 0.993, 0.98, 0.953, 0.87]
['SD2L1000_2', 0.995, 0.986, 0.993, 0.98, 0.94, 0.823, 0.992, 0.976, 0.989, 0.967]
['SD2L1000_1', 0.995, 0.986, 0.993, 0.98, 0.944, 0.836, 0.987, 0.962, 0.987, 0.962]
../data/ex/compare4som-qnn/sim\SD2L\300
['SD2L300_5', 0.988, 0.963, 0.984, 0.957, 0.958, 0.88, 0.988, 0.963, 0.864, 0.597]
['SD2L300_4', 0.988, 0.963, 0.984, 0.957, 0.992, 0.977, 0.991, 0.973, 0.953, 0.863]
['SD2L300_3', 0.988, 0.963, 0.984, 0.957, 0.988, 0.963, 0.986, 0.96, 0.948, 0.85]
['SD2L300_2', 0.988, 0.963, 0.984, 0.957, 0.992, 0.977, 0.992, 0.977, 0.978, 0.933]
['SD2L300_1', 0.988, 0.963, 0.984, 0.957, 0.987, 0.96, 0.988, 0.963, 0.987, 0.96]
../data/ex/compare4som-qnn/sim\SD2L\50
['SD2L50_5', 0.987, 0.96, 0.987, 0.96, 0.953, 0.86, 0.987, 0.96, 0.96, 0.9]
['SD2L50_4', 0.987, 0.96, 0.987, 0.96, 0.94, 0.82, 0.987, 0.96, 0.953, 0.88]
['SD2L50_3', 0.987, 0.96, 0.987, 0.96, 0.953, 0.86, 0.98, 0.94, 0.953, 0.88]
['SD2L50_2', 0.987, 0.96, 0.987, 0.96, 0.933, 0.8, 0.993, 0.98, 0.947, 0.84]
['SD2L50_1', 0.987, 0.96, 0.987, 0.96, 0.947, 0.84, 0.993, 0.98, 0.827, 0.5]
../data/ex/compare4som-qnn/sim\SD3H\1000
['SD3H1000_5', 0.776, 0.29, 0.707, 0.152, 0.81, 0.316, 0.874, 0.507, 0.731, 0.213]
['SD3H1000_4', 0.776, 0.29, 0.707, 0.152, 0.855, 0.436, 0.869, 0.501, 0.731, 0.206]
['SD3H1000_3', 0.776, 0.29, 0.707, 0.152, 0.83, 0.364, 0.862, 0.498, 0.731, 0.21]
['SD3H1000_2', 0.776, 0.29, 0.707, 0.152, 0.872, 0.484, 0.869, 0.5, 0.739, 0.216]
['SD3H1000_1', 0.776, 0.29, 0.707, 0.152, 0.828, 0.36, 0.88, 0.522, 0.73, 0.211]
../data/ex/compare4som-qnn/sim\SD3H\300
['SD3H300_5', 0.791, 0.287, 0.708, 0.15, 0.868, 0.49, 0.894, 0.56, 0.769, 0.267]
['SD3H300_4', 0.791, 0.287, 0.708, 0.15, 0.865, 0.473, 0.884, 0.55, 0.763, 0.253]
['SD3H300_3', 0.791, 0.287, 0.708, 0.15, 0.863, 0.463, 0.901, 0.627, 0.761, 0.253]
['SD3H300_2', 0.791, 0.287, 0.708, 0.15, 0.872, 0.487, 0.892, 0.567, 0.767, 0.277]
['SD3H300_1', 0.791, 0.287, 0.708, 0.15, 0.889, 0.53, 0.906, 0.61, 0.762, 0.27]
../data/ex/compare4som-qnn/sim\SD3H\50
['SD3H50_5', 0.708, 0.26, 0.692, 0.06, 0.86, 0.44, 0.924, 0.7, 0.736, 0.12]
['SD3H50_4', 0.708, 0.26, 0.692, 0.06, 0.9, 0.58, 0.896, 0.56, 0.768, 0.26]
['SD3H50_3', 0.708, 0.26, 0.692, 0.06, 0.896, 0.56, 0.924, 0.7, 0.736, 0.16]
['SD3H50_2', 0.708, 0.26, 0.692, 0.06, 0.888, 0.52, 0.936, 0.74, 0.732, 0.14]
['SD3H50_1', 0.708, 0.26, 0.692, 0.06, 0.864, 0.44, 0.932, 0.76, 0.76, 0.2]
../data/ex/compare4som-qnn/sim\SD3L\1000
['SD3L1000_5', 0.945, 0.767, 0.773, 0.218, 0.916, 0.644, 0.944, 0.754, 0.814, 0.349]
['SD3L1000_4', 0.945, 0.767, 0.773, 0.218, 0.921, 0.653, 0.94, 0.735, 0.837, 0.39]
['SD3L1000_3', 0.945, 0.767, 0.773, 0.218, 0.942, 0.745, 0.947, 0.769, 0.819, 0.355]
['SD3L1000_2', 0.945, 0.767, 0.773, 0.218, 0.941, 0.741, 0.946, 0.761, 0.816, 0.349]
['SD3L1000_1', 0.945, 0.767, 0.773, 0.218, 0.944, 0.753, 0.944, 0.758, 0.825, 0.355]
../data/ex/compare4som-qnn/sim\SD3L\300
['SD3L300_5', 0.899, 0.553, 0.761, 0.203, 0.949, 0.767, 0.951, 0.787, 0.847, 0.403]
['SD3L300_4', 0.899, 0.553, 0.761, 0.203, 0.952, 0.783, 0.951, 0.777, 0.841, 0.403]
['SD3L300_3', 0.899, 0.553, 0.761, 0.203, 0.957, 0.8, 0.963, 0.833, 0.857, 0.443]
['SD3L300_2', 0.899, 0.553, 0.761, 0.203, 0.957, 0.8, 0.963, 0.833, 0.845, 0.383]
['SD3L300_1', 0.899, 0.553, 0.761, 0.203, 0.953, 0.787, 0.966, 0.84, 0.849, 0.423]
../data/ex/compare4som-qnn/sim\SD3L\50
['SD3L50_5', 0.88, 0.5, 0.784, 0.24, 0.944, 0.74, 0.96, 0.82, 0.824, 0.36]
['SD3L50_4', 0.88, 0.5, 0.784, 0.24, 0.944, 0.76, 0.968, 0.84, 0.836, 0.42]
['SD3L50_3', 0.88, 0.5, 0.784, 0.24, 0.932, 0.72, 0.968, 0.86, 0.82, 0.36]
['SD3L50_2', 0.88, 0.5, 0.784, 0.24, 0.94, 0.74, 0.956, 0.82, 0.808, 0.32]
['SD3L50_1', 0.88, 0.5, 0.784, 0.24, 0.936, 0.74, 0.956, 0.82, 0.832, 0.36]
../data/ex/compare4som-qnn/sim\SD4H\1000
['SD4H1000_5', 0.912, 0.634, 0.781, 0.246, 0.871, 0.509, 0.909, 0.631, 0.847, 0.436]
['SD4H1000_4', 0.912, 0.634, 0.781, 0.246, 0.901, 0.597, 0.906, 0.616, 0.844, 0.43]
['SD4H1000_3', 0.912, 0.634, 0.781, 0.246, 0.904, 0.607, 0.902, 0.594, 0.839, 0.408]
['SD4H1000_2', 0.912, 0.634, 0.781, 0.246, 0.898, 0.587, 0.924, 0.667, 0.844, 0.423]
['SD4H1000_1', 0.912, 0.634, 0.781, 0.246, 0.871, 0.514, 0.913, 0.643, 0.821, 0.364]
../data/ex/compare4som-qnn/sim\SD4H\300
['SD4H300_5', 0.859, 0.45, 0.777, 0.267, 0.889, 0.57, 0.939, 0.73, 0.819, 0.353]
['SD4H300_4', 0.859, 0.45, 0.777, 0.267, 0.907, 0.607, 0.929, 0.72, 0.829, 0.387]
['SD4H300_3', 0.859, 0.45, 0.777, 0.267, 0.913, 0.633, 0.936, 0.737, 0.818, 0.343]
['SD4H300_2', 0.859, 0.45, 0.777, 0.267, 0.912, 0.627, 0.943, 0.757, 0.825, 0.373]
['SD4H300_1', 0.859, 0.45, 0.777, 0.267, 0.892, 0.56, 0.919, 0.667, 0.819, 0.35]
../data/ex/compare4som-qnn/sim\SD4H\50
['SD4H50_5', 0.84, 0.38, 0.764, 0.16, 0.924, 0.64, 0.928, 0.76, 0.828, 0.32]
['SD4H50_4', 0.84, 0.38, 0.764, 0.16, 0.896, 0.56, 0.96, 0.84, 0.824, 0.36]
['SD4H50_3', 0.84, 0.38, 0.764, 0.16, 0.9, 0.58, 0.944, 0.8, 0.804, 0.28]
['SD4H50_2', 0.84, 0.38, 0.764, 0.16, 0.896, 0.56, 0.928, 0.78, 0.844, 0.38]
['SD4H50_1', 0.84, 0.38, 0.764, 0.16, 0.888, 0.54, 0.952, 0.82, 0.812, 0.34]
../data/ex/compare4som-qnn/sim\SD4L\1000
['SD4L1000_5', 0.992, 0.961, 0.902, 0.559, 0.982, 0.915, 0.983, 0.921, 0.958, 0.804]
['SD4L1000_4', 0.992, 0.961, 0.902, 0.559, 0.963, 0.817, 0.986, 0.934, 0.962, 0.818]
['SD4L1000_3', 0.992, 0.961, 0.902, 0.559, 0.961, 0.811, 0.983, 0.92, 0.958, 0.802]
['SD4L1000_2', 0.992, 0.961, 0.902, 0.559, 0.963, 0.815, 0.987, 0.934, 0.958, 0.805]
['SD4L1000_1', 0.992, 0.961, 0.902, 0.559, 0.961, 0.809, 0.964, 0.836, 0.959, 0.808]
../data/ex/compare4som-qnn/sim\SD4L\300
['SD4L300_5', 0.994, 0.97, 0.865, 0.44, 0.995, 0.973, 0.985, 0.933, 0.924, 0.667]
['SD4L300_4', 0.994, 0.97, 0.865, 0.44, 0.965, 0.833, 0.983, 0.92, 0.915, 0.62]
['SD4L300_3', 0.994, 0.97, 0.865, 0.44, 0.958, 0.793, 0.992, 0.96, 0.919, 0.65]
['SD4L300_2', 0.994, 0.97, 0.865, 0.44, 0.961, 0.81, 0.979, 0.897, 0.915, 0.62]
['SD4L300_1', 0.994, 0.97, 0.865, 0.44, 0.963, 0.817, 0.995, 0.973, 0.923, 0.66]
../data/ex/compare4som-qnn/sim\SD4L\50
['SD4L50_5', 0.984, 0.92, 0.832, 0.32, 0.94, 0.78, 0.98, 0.9, 0.904, 0.56]
['SD4L50_4', 0.984, 0.92, 0.832, 0.32, 0.92, 0.72, 0.976, 0.9, 0.912, 0.58]
['SD4L50_3', 0.984, 0.92, 0.832, 0.32, 0.932, 0.74, 0.956, 0.84, 0.92, 0.62]
['SD4L50_2', 0.984, 0.92, 0.832, 0.32, 0.9, 0.62, 0.96, 0.84, 0.912, 0.6]
['SD4L50_1', 0.984, 0.92, 0.832, 0.32, 0.948, 0.8, 0.984, 0.92, 0.904, 0.6]

../data/ex/especial\G4_lee\698
['G4_lee698_5', 0.802, 0.128, 0.702, 0.044, 0.937, 0.63, 0.857, 0.099, 0.796, 0.04]
['G4_lee698_4', 0.802, 0.128, 0.702, 0.044, 0.929, 0.557, 0.858, 0.169, 0.817, 0.069]
['G4_lee698_3', 0.802, 0.128, 0.702, 0.044, 0.936, 0.63, 0.87, 0.175, 0.786, 0.037]
['G4_lee698_2', 0.802, 0.128, 0.702, 0.044, 0.928, 0.549, 0.861, 0.122, 0.795, 0.033]
['G4_lee698_1', 0.802, 0.128, 0.702, 0.044, 0.928, 0.546, 0.868, 0.112, 0.819, 0.086]